2022/09/15-10:31:33.639207 2b28 RocksDB version: 5.18.4
2022/09/15-10:31:33.639282 2b28 Git sha rocksdb_build_git_sha:@b9a4a10659969c71e6f6eab4e4bae8c36ede919f@
2022/09/15-10:31:33.639299 2b28 Compile date Mar 11 2020
2022/09/15-10:31:33.639310 2b28 DB SUMMARY
2022/09/15-10:31:33.639891 2b28 CURRENT file:  CURRENT
2022/09/15-10:31:33.639930 2b28 IDENTITY file:  IDENTITY
2022/09/15-10:31:33.640201 2b28 MANIFEST file:  MANIFEST-000031 size: 816 Bytes
2022/09/15-10:31:33.640226 2b28 SST files in C:\Users\Administrator\Desktop\STPam_cloud\nacos\data\protocol\raft\naming_service_metadata\log dir, Total Num: 14, files: 000006.sst 000008.sst 000010.sst 000012.sst 000014.sst 000016.sst 000018.sst 000020.sst 000022.sst 
2022/09/15-10:31:33.640253 2b28 Write Ahead Log file in C:\Users\Administrator\Desktop\STPam_cloud\nacos\data\protocol\raft\naming_service_metadata\log: 000033.log size: 3479 ; 
2022/09/15-10:31:33.641285 2b28                         Options.error_if_exists: 0
2022/09/15-10:31:33.641301 2b28                       Options.create_if_missing: 1
2022/09/15-10:31:33.641305 2b28                         Options.paranoid_checks: 1
2022/09/15-10:31:33.641309 2b28                                     Options.env: 00000000007AB470
2022/09/15-10:31:33.641313 2b28                                Options.info_log: 00000000007927C0
2022/09/15-10:31:33.641316 2b28                Options.max_file_opening_threads: 16
2022/09/15-10:31:33.641320 2b28                              Options.statistics: 000000002D3FCE30
2022/09/15-10:31:33.641324 2b28                               Options.use_fsync: 0
2022/09/15-10:31:33.641327 2b28                       Options.max_log_file_size: 0
2022/09/15-10:31:33.641332 2b28                  Options.max_manifest_file_size: 1073741824
2022/09/15-10:31:33.641336 2b28                   Options.log_file_time_to_roll: 0
2022/09/15-10:31:33.641341 2b28                       Options.keep_log_file_num: 1000
2022/09/15-10:31:33.641345 2b28                    Options.recycle_log_file_num: 0
2022/09/15-10:31:33.641349 2b28                         Options.allow_fallocate: 1
2022/09/15-10:31:33.641354 2b28                        Options.allow_mmap_reads: 0
2022/09/15-10:31:33.641358 2b28                       Options.allow_mmap_writes: 0
2022/09/15-10:31:33.641361 2b28                        Options.use_direct_reads: 0
2022/09/15-10:31:33.641365 2b28                        Options.use_direct_io_for_flush_and_compaction: 0
2022/09/15-10:31:33.641370 2b28          Options.create_missing_column_families: 1
2022/09/15-10:31:33.641373 2b28                              Options.db_log_dir: 
2022/09/15-10:31:33.641379 2b28                                 Options.wal_dir: C:\Users\Administrator\Desktop\STPam_cloud\nacos\data\protocol\raft\naming_service_metadata\log
2022/09/15-10:31:33.641383 2b28                Options.table_cache_numshardbits: 6
2022/09/15-10:31:33.641387 2b28                      Options.max_subcompactions: 1
2022/09/15-10:31:33.641391 2b28                  Options.max_background_flushes: 1
2022/09/15-10:31:33.641395 2b28                         Options.WAL_ttl_seconds: 0
2022/09/15-10:31:33.641400 2b28                       Options.WAL_size_limit_MB: 0
2022/09/15-10:31:33.641404 2b28             Options.manifest_preallocation_size: 4194304
2022/09/15-10:31:33.641408 2b28                     Options.is_fd_close_on_exec: 1
2022/09/15-10:31:33.641411 2b28                   Options.advise_random_on_open: 1
2022/09/15-10:31:33.641415 2b28                    Options.db_write_buffer_size: 0
2022/09/15-10:31:33.641419 2b28                    Options.write_buffer_manager: 000000002D370C90
2022/09/15-10:31:33.641423 2b28         Options.access_hint_on_compaction_start: 1
2022/09/15-10:31:33.641427 2b28  Options.new_table_reader_for_compaction_inputs: 0
2022/09/15-10:31:33.641431 2b28           Options.random_access_max_buffer_size: 1048576
2022/09/15-10:31:33.641436 2b28                      Options.use_adaptive_mutex: 0
2022/09/15-10:31:33.641441 2b28                            Options.rate_limiter: 0000000000000000
2022/09/15-10:31:33.641495 2b28     Options.sst_file_manager.rate_bytes_per_sec: 0
2022/09/15-10:31:33.641510 2b28                       Options.wal_recovery_mode: 2
2022/09/15-10:31:33.641514 2b28                  Options.enable_thread_tracking: 0
2022/09/15-10:31:33.641519 2b28                  Options.enable_pipelined_write: 0
2022/09/15-10:31:33.641562 2b28         Options.allow_concurrent_memtable_write: 1
2022/09/15-10:31:33.641566 2b28      Options.enable_write_thread_adaptive_yield: 1
2022/09/15-10:31:33.641571 2b28             Options.write_thread_max_yield_usec: 100
2022/09/15-10:31:33.641576 2b28            Options.write_thread_slow_yield_usec: 3
2022/09/15-10:31:33.641581 2b28                               Options.row_cache: None
2022/09/15-10:31:33.641585 2b28                              Options.wal_filter: None
2022/09/15-10:31:33.641591 2b28             Options.avoid_flush_during_recovery: 0
2022/09/15-10:31:33.641595 2b28             Options.allow_ingest_behind: 0
2022/09/15-10:31:33.641600 2b28             Options.preserve_deletes: 0
2022/09/15-10:31:33.641604 2b28             Options.two_write_queues: 0
2022/09/15-10:31:33.641608 2b28             Options.manual_wal_flush: 0
2022/09/15-10:31:33.641613 2b28             Options.max_background_jobs: 2
2022/09/15-10:31:33.641618 2b28             Options.max_background_compactions: 4
2022/09/15-10:31:33.641622 2b28             Options.avoid_flush_during_shutdown: 0
2022/09/15-10:31:33.641626 2b28           Options.writable_file_max_buffer_size: 1048576
2022/09/15-10:31:33.641631 2b28             Options.delayed_write_rate : 16777216
2022/09/15-10:31:33.641635 2b28             Options.max_total_wal_size: 0
2022/09/15-10:31:33.641640 2b28             Options.delete_obsolete_files_period_micros: 21600000000
2022/09/15-10:31:33.641644 2b28                   Options.stats_dump_period_sec: 600
2022/09/15-10:31:33.641649 2b28                          Options.max_open_files: -1
2022/09/15-10:31:33.641653 2b28                          Options.bytes_per_sync: 0
2022/09/15-10:31:33.641657 2b28                      Options.wal_bytes_per_sync: 0
2022/09/15-10:31:33.641661 2b28       Options.compaction_readahead_size: 0
2022/09/15-10:31:33.641665 2b28 Compression algorithms supported:
2022/09/15-10:31:33.641670 2b28 	kZSTD supported: 1
2022/09/15-10:31:33.641675 2b28 	kSnappyCompression supported: 1
2022/09/15-10:31:33.641680 2b28 	kBZip2Compression supported: 0
2022/09/15-10:31:33.641683 2b28 	kZlibCompression supported: 1
2022/09/15-10:31:33.641688 2b28 	kLZ4Compression supported: 1
2022/09/15-10:31:33.641692 2b28 	kXpressCompression supported: 0
2022/09/15-10:31:33.641696 2b28 	kLZ4HCCompression supported: 1
2022/09/15-10:31:33.641700 2b28 	kZSTDNotFinalCompression supported: 1
2022/09/15-10:31:33.641713 2b28 Fast CRC32 supported: Supported on x86
2022/09/15-10:31:33.643216 2b28 [db\version_set.cc:3508] Recovering from manifest file: MANIFEST-000031
2022/09/15-10:31:33.643384 2b28 [db\column_family.cc:474] --------------- Options for column family [default]:
2022/09/15-10:31:33.643393 2b28               Options.comparator: leveldb.BytewiseComparator
2022/09/15-10:31:33.643397 2b28           Options.merge_operator: StringAppendOperator
2022/09/15-10:31:33.643402 2b28        Options.compaction_filter: None
2022/09/15-10:31:33.643406 2b28        Options.compaction_filter_factory: None
2022/09/15-10:31:33.643410 2b28         Options.memtable_factory: SkipListFactory
2022/09/15-10:31:33.643414 2b28            Options.table_factory: BlockBasedTable
2022/09/15-10:31:33.643444 2b28            table_factory options:   flush_block_policy_factory: FlushBlockBySizePolicyFactory (000000002D21C560)
  cache_index_and_filter_blocks: 0
  cache_index_and_filter_blocks_with_high_priority: 1
  pin_l0_filter_and_index_blocks_in_cache: 1
  pin_top_level_index_and_filter: 1
  index_type: 2
  hash_index_allow_collision: 1
  checksum: 1
  no_block_cache: 0
  block_cache: 0000000030304C60
  block_cache_name: LRUCache
  block_cache_options:
    capacity : 536870912
    num_shard_bits : 8
    strict_capacity_limit : 0
    memory_allocator : None
    high_pri_pool_ratio: 0.000
  block_cache_compressed: 0000000000000000
  persistent_cache: 0000000000000000
  block_size: 4096
  block_size_deviation: 10
  block_restart_interval: 16
  index_block_restart_interval: 1
  metadata_block_size: 8192
  partition_filters: 1
  use_delta_encoding: 1
  filter_policy: nullptr
  whole_key_filtering: 1
  verify_compression: 0
  read_amp_bytes_per_bit: 0
  format_version: 0
  enable_index_compression: 1
  block_align: 0
2022/09/15-10:31:33.643520 2b28        Options.write_buffer_size: 67108864
2022/09/15-10:31:33.643527 2b28  Options.max_write_buffer_number: 3
2022/09/15-10:31:33.643532 2b28          Options.compression: Snappy
2022/09/15-10:31:33.643537 2b28                  Options.bottommost_compression: Disabled
2022/09/15-10:31:33.643541 2b28       Options.prefix_extractor: rocksdb.FixedPrefix.8
2022/09/15-10:31:33.643545 2b28   Options.memtable_insert_with_hint_prefix_extractor: nullptr
2022/09/15-10:31:33.643549 2b28             Options.num_levels: 7
2022/09/15-10:31:33.643553 2b28        Options.min_write_buffer_number_to_merge: 1
2022/09/15-10:31:33.643557 2b28     Options.max_write_buffer_number_to_maintain: 0
2022/09/15-10:31:33.643560 2b28            Options.bottommost_compression_opts.window_bits: -14
2022/09/15-10:31:33.643564 2b28                  Options.bottommost_compression_opts.level: 32767
2022/09/15-10:31:33.643568 2b28               Options.bottommost_compression_opts.strategy: 0
2022/09/15-10:31:33.643573 2b28         Options.bottommost_compression_opts.max_dict_bytes: 0
2022/09/15-10:31:33.643577 2b28         Options.bottommost_compression_opts.zstd_max_train_bytes: 0
2022/09/15-10:31:33.643582 2b28                  Options.bottommost_compression_opts.enabled: false
2022/09/15-10:31:33.643600 2b28            Options.compression_opts.window_bits: -14
2022/09/15-10:31:33.643605 2b28                  Options.compression_opts.level: 32767
2022/09/15-10:31:33.643609 2b28               Options.compression_opts.strategy: 0
2022/09/15-10:31:33.643613 2b28         Options.compression_opts.max_dict_bytes: 0
2022/09/15-10:31:33.643618 2b28         Options.compression_opts.zstd_max_train_bytes: 0
2022/09/15-10:31:33.643622 2b28                  Options.compression_opts.enabled: false
2022/09/15-10:31:33.643627 2b28      Options.level0_file_num_compaction_trigger: 10
2022/09/15-10:31:33.643631 2b28          Options.level0_slowdown_writes_trigger: 20
2022/09/15-10:31:33.643635 2b28              Options.level0_stop_writes_trigger: 40
2022/09/15-10:31:33.643639 2b28                   Options.target_file_size_base: 67108864
2022/09/15-10:31:33.643642 2b28             Options.target_file_size_multiplier: 1
2022/09/15-10:31:33.643646 2b28                Options.max_bytes_for_level_base: 536870912
2022/09/15-10:31:33.643651 2b28 Options.level_compaction_dynamic_level_bytes: 0
2022/09/15-10:31:33.643655 2b28          Options.max_bytes_for_level_multiplier: 10.000000
2022/09/15-10:31:33.643663 2b28 Options.max_bytes_for_level_multiplier_addtl[0]: 1
2022/09/15-10:31:33.643667 2b28 Options.max_bytes_for_level_multiplier_addtl[1]: 1
2022/09/15-10:31:33.643670 2b28 Options.max_bytes_for_level_multiplier_addtl[2]: 1
2022/09/15-10:31:33.643674 2b28 Options.max_bytes_for_level_multiplier_addtl[3]: 1
2022/09/15-10:31:33.643678 2b28 Options.max_bytes_for_level_multiplier_addtl[4]: 1
2022/09/15-10:31:33.643682 2b28 Options.max_bytes_for_level_multiplier_addtl[5]: 1
2022/09/15-10:31:33.643686 2b28 Options.max_bytes_for_level_multiplier_addtl[6]: 1
2022/09/15-10:31:33.643690 2b28       Options.max_sequential_skip_in_iterations: 8
2022/09/15-10:31:33.643695 2b28                    Options.max_compaction_bytes: 1677721600
2022/09/15-10:31:33.643699 2b28                        Options.arena_block_size: 8388608
2022/09/15-10:31:33.643702 2b28   Options.soft_pending_compaction_bytes_limit: 68719476736
2022/09/15-10:31:33.643706 2b28   Options.hard_pending_compaction_bytes_limit: 274877906944
2022/09/15-10:31:33.643710 2b28       Options.rate_limit_delay_max_milliseconds: 100
2022/09/15-10:31:33.643716 2b28                Options.disable_auto_compactions: 0
2022/09/15-10:31:33.643798 2b28                        Options.compaction_style: kCompactionStyleLevel
2022/09/15-10:31:33.643803 2b28                          Options.compaction_pri: kByCompensatedSize
2022/09/15-10:31:33.643808 2b28 Options.compaction_options_universal.size_ratio: 1
2022/09/15-10:31:33.643812 2b28 Options.compaction_options_universal.min_merge_width: 2
2022/09/15-10:31:33.643816 2b28 Options.compaction_options_universal.max_merge_width: 4294967295
2022/09/15-10:31:33.643821 2b28 Options.compaction_options_universal.max_size_amplification_percent: 200
2022/09/15-10:31:33.643825 2b28 Options.compaction_options_universal.compression_size_percent: -1
2022/09/15-10:31:33.643831 2b28 Options.compaction_options_universal.stop_style: kCompactionStopStyleTotalSize
2022/09/15-10:31:33.643835 2b28 Options.compaction_options_fifo.max_table_files_size: 1073741824
2022/09/15-10:31:33.643840 2b28 Options.compaction_options_fifo.allow_compaction: 0
2022/09/15-10:31:33.643844 2b28 Options.compaction_options_fifo.ttl: 0
2022/09/15-10:31:33.643848 2b28                   Options.table_properties_collectors: 
2022/09/15-10:31:33.643851 2b28                   Options.inplace_update_support: 0
2022/09/15-10:31:33.643855 2b28                 Options.inplace_update_num_locks: 10000
2022/09/15-10:31:33.643860 2b28               Options.memtable_prefix_bloom_size_ratio: 0.125000
2022/09/15-10:31:33.643865 2b28   Options.memtable_huge_page_size: 0
2022/09/15-10:31:33.643869 2b28                           Options.bloom_locality: 0
2022/09/15-10:31:33.643874 2b28                    Options.max_successive_merges: 0
2022/09/15-10:31:33.643879 2b28                Options.optimize_filters_for_hits: 0
2022/09/15-10:31:33.643883 2b28                Options.paranoid_file_checks: 0
2022/09/15-10:31:33.643888 2b28                Options.force_consistency_checks: 1
2022/09/15-10:31:33.643892 2b28                Options.report_bg_io_stats: 0
2022/09/15-10:31:33.643896 2b28                               Options.ttl: 0
2022/09/15-10:31:33.649856 2b28 [db\column_family.cc:474] --------------- Options for column family [Configuration]:
2022/09/15-10:31:33.649886 2b28               Options.comparator: leveldb.BytewiseComparator
2022/09/15-10:31:33.649891 2b28           Options.merge_operator: StringAppendOperator
2022/09/15-10:31:33.649896 2b28        Options.compaction_filter: None
2022/09/15-10:31:33.649900 2b28        Options.compaction_filter_factory: None
2022/09/15-10:31:33.649905 2b28         Options.memtable_factory: SkipListFactory
2022/09/15-10:31:33.649910 2b28            Options.table_factory: BlockBasedTable
2022/09/15-10:31:33.649964 2b28            table_factory options:   flush_block_policy_factory: FlushBlockBySizePolicyFactory (000000002D21C560)
  cache_index_and_filter_blocks: 0
  cache_index_and_filter_blocks_with_high_priority: 1
  pin_l0_filter_and_index_blocks_in_cache: 1
  pin_top_level_index_and_filter: 1
  index_type: 2
  hash_index_allow_collision: 1
  checksum: 1
  no_block_cache: 0
  block_cache: 0000000030304C60
  block_cache_name: LRUCache
  block_cache_options:
    capacity : 536870912
    num_shard_bits : 8
    strict_capacity_limit : 0
    memory_allocator : None
    high_pri_pool_ratio: 0.000
  block_cache_compressed: 0000000000000000
  persistent_cache: 0000000000000000
  block_size: 4096
  block_size_deviation: 10
  block_restart_interval: 16
  index_block_restart_interval: 1
  metadata_block_size: 8192
  partition_filters: 1
  use_delta_encoding: 1
  filter_policy: nullptr
  whole_key_filtering: 1
  verify_compression: 0
  read_amp_bytes_per_bit: 0
  format_version: 0
  enable_index_compression: 1
  block_align: 0
2022/09/15-10:31:33.649970 2b28        Options.write_buffer_size: 67108864
2022/09/15-10:31:33.649975 2b28  Options.max_write_buffer_number: 3
2022/09/15-10:31:33.649980 2b28          Options.compression: Snappy
2022/09/15-10:31:33.649984 2b28                  Options.bottommost_compression: Disabled
2022/09/15-10:31:33.650077 2b28       Options.prefix_extractor: rocksdb.FixedPrefix.8
2022/09/15-10:31:33.650085 2b28   Options.memtable_insert_with_hint_prefix_extractor: nullptr
2022/09/15-10:31:33.650089 2b28             Options.num_levels: 7
2022/09/15-10:31:33.650093 2b28        Options.min_write_buffer_number_to_merge: 1
2022/09/15-10:31:33.650097 2b28     Options.max_write_buffer_number_to_maintain: 0
2022/09/15-10:31:33.650102 2b28            Options.bottommost_compression_opts.window_bits: -14
2022/09/15-10:31:33.650106 2b28                  Options.bottommost_compression_opts.level: 32767
2022/09/15-10:31:33.650112 2b28               Options.bottommost_compression_opts.strategy: 0
2022/09/15-10:31:33.650116 2b28         Options.bottommost_compression_opts.max_dict_bytes: 0
2022/09/15-10:31:33.650121 2b28         Options.bottommost_compression_opts.zstd_max_train_bytes: 0
2022/09/15-10:31:33.650126 2b28                  Options.bottommost_compression_opts.enabled: false
2022/09/15-10:31:33.650130 2b28            Options.compression_opts.window_bits: -14
2022/09/15-10:31:33.650134 2b28                  Options.compression_opts.level: 32767
2022/09/15-10:31:33.650138 2b28               Options.compression_opts.strategy: 0
2022/09/15-10:31:33.650142 2b28         Options.compression_opts.max_dict_bytes: 0
2022/09/15-10:31:33.650145 2b28         Options.compression_opts.zstd_max_train_bytes: 0
2022/09/15-10:31:33.650150 2b28                  Options.compression_opts.enabled: false
2022/09/15-10:31:33.650154 2b28      Options.level0_file_num_compaction_trigger: 10
2022/09/15-10:31:33.650159 2b28          Options.level0_slowdown_writes_trigger: 20
2022/09/15-10:31:33.650163 2b28              Options.level0_stop_writes_trigger: 40
2022/09/15-10:31:33.650167 2b28                   Options.target_file_size_base: 67108864
2022/09/15-10:31:33.650172 2b28             Options.target_file_size_multiplier: 1
2022/09/15-10:31:33.650176 2b28                Options.max_bytes_for_level_base: 536870912
2022/09/15-10:31:33.650180 2b28 Options.level_compaction_dynamic_level_bytes: 0
2022/09/15-10:31:33.650184 2b28          Options.max_bytes_for_level_multiplier: 10.000000
2022/09/15-10:31:33.650192 2b28 Options.max_bytes_for_level_multiplier_addtl[0]: 1
2022/09/15-10:31:33.650197 2b28 Options.max_bytes_for_level_multiplier_addtl[1]: 1
2022/09/15-10:31:33.650201 2b28 Options.max_bytes_for_level_multiplier_addtl[2]: 1
2022/09/15-10:31:33.650205 2b28 Options.max_bytes_for_level_multiplier_addtl[3]: 1
2022/09/15-10:31:33.650208 2b28 Options.max_bytes_for_level_multiplier_addtl[4]: 1
2022/09/15-10:31:33.650212 2b28 Options.max_bytes_for_level_multiplier_addtl[5]: 1
2022/09/15-10:31:33.650216 2b28 Options.max_bytes_for_level_multiplier_addtl[6]: 1
2022/09/15-10:31:33.650220 2b28       Options.max_sequential_skip_in_iterations: 8
2022/09/15-10:31:33.650224 2b28                    Options.max_compaction_bytes: 1677721600
2022/09/15-10:31:33.650228 2b28                        Options.arena_block_size: 8388608
2022/09/15-10:31:33.650232 2b28   Options.soft_pending_compaction_bytes_limit: 68719476736
2022/09/15-10:31:33.650237 2b28   Options.hard_pending_compaction_bytes_limit: 274877906944
2022/09/15-10:31:33.650241 2b28       Options.rate_limit_delay_max_milliseconds: 100
2022/09/15-10:31:33.650245 2b28                Options.disable_auto_compactions: 0
2022/09/15-10:31:33.650250 2b28                        Options.compaction_style: kCompactionStyleLevel
2022/09/15-10:31:33.650255 2b28                          Options.compaction_pri: kByCompensatedSize
2022/09/15-10:31:33.650260 2b28 Options.compaction_options_universal.size_ratio: 1
2022/09/15-10:31:33.650264 2b28 Options.compaction_options_universal.min_merge_width: 2
2022/09/15-10:31:33.650268 2b28 Options.compaction_options_universal.max_merge_width: 4294967295
2022/09/15-10:31:33.650272 2b28 Options.compaction_options_universal.max_size_amplification_percent: 200
2022/09/15-10:31:33.650277 2b28 Options.compaction_options_universal.compression_size_percent: -1
2022/09/15-10:31:33.650282 2b28 Options.compaction_options_universal.stop_style: kCompactionStopStyleTotalSize
2022/09/15-10:31:33.650293 2b28 Options.compaction_options_fifo.max_table_files_size: 1073741824
2022/09/15-10:31:33.650300 2b28 Options.compaction_options_fifo.allow_compaction: 0
2022/09/15-10:31:33.650304 2b28 Options.compaction_options_fifo.ttl: 0
2022/09/15-10:31:33.650309 2b28                   Options.table_properties_collectors: 
2022/09/15-10:31:33.650313 2b28                   Options.inplace_update_support: 0
2022/09/15-10:31:33.650317 2b28                 Options.inplace_update_num_locks: 10000
2022/09/15-10:31:33.650321 2b28               Options.memtable_prefix_bloom_size_ratio: 0.125000
2022/09/15-10:31:33.650326 2b28   Options.memtable_huge_page_size: 0
2022/09/15-10:31:33.650329 2b28                           Options.bloom_locality: 0
2022/09/15-10:31:33.650333 2b28                    Options.max_successive_merges: 0
2022/09/15-10:31:33.650337 2b28                Options.optimize_filters_for_hits: 0
2022/09/15-10:31:33.650340 2b28                Options.paranoid_file_checks: 0
2022/09/15-10:31:33.650344 2b28                Options.force_consistency_checks: 1
2022/09/15-10:31:33.650348 2b28                Options.report_bg_io_stats: 0
2022/09/15-10:31:33.650352 2b28                               Options.ttl: 0
2022/09/15-10:31:33.672311 2b28 [db\version_set.cc:3724] Recovered from manifest file:C:\Users\Administrator\Desktop\STPam_cloud\nacos\data\protocol\raft\naming_service_metadata\log/MANIFEST-000031 succeeded,manifest_file_number is 31, next_file_number is 34, last_sequence is 692, log_number is 0,prev_log_number is 0,max_column_family is 1,min_log_number_to_keep is 0
2022/09/15-10:31:33.672356 2b28 [db\version_set.cc:3732] Column family [default] (ID 0), log number is 30
2022/09/15-10:31:33.672363 2b28 [db\version_set.cc:3732] Column family [Configuration] (ID 1), log number is 30
2022/09/15-10:31:33.673692 2b28 EVENT_LOG_v1 {"time_micros": 1663209093673681, "job": 1, "event": "recovery_started", "log_files": [33]}
2022/09/15-10:31:33.673711 2b28 [db\db_impl_open.cc:578] Recovering log #33 mode 2
2022/09/15-10:31:33.677377 2b28 EVENT_LOG_v1 {"time_micros": 1663209093677353, "cf_name": "default", "job": 1, "event": "table_file_creation", "file_number": 34, "file_size": 716, "table_properties": {"data_size": 0, "index_size": 13, "filter_size": 0, "raw_key_size": 16, "raw_average_key_size": 0, "raw_value_size": 8, "raw_average_value_size": 0, "num_data_blocks": 0, "num_entries": 0, "filter_policy_name": ""}}
2022/09/15-10:31:33.681634 2b28 [db\version_set.cc:3037] Creating manifest 35
2022/09/15-10:31:33.688977 2b28 EVENT_LOG_v1 {"time_micros": 1663209093688950, "cf_name": "Configuration", "job": 1, "event": "table_file_creation", "file_number": 36, "file_size": 846, "table_properties": {"data_size": 44, "index_size": 49, "filter_size": 0, "raw_key_size": 42, "raw_average_key_size": 42, "raw_value_size": 16, "raw_average_value_size": 16, "num_data_blocks": 1, "num_entries": 1, "filter_policy_name": ""}}
2022/09/15-10:31:33.694174 2b28 EVENT_LOG_v1 {"time_micros": 1663209093694163, "job": 1, "event": "recovery_finished"}
2022/09/15-10:31:33.704487 2b28 [db\db_impl_open.cc:1314] DB pointer 00000000304569D0
2022/09/15-10:31:33.705025 2be4 [WARN] [db\db_impl.cc:669] ------- DUMPING STATS -------
2022/09/15-10:31:33.705045 2be4 [WARN] [db\db_impl.cc:670] 
** DB Stats **
Uptime(secs): 0.1 total, 0.1 interval
Cumulative writes: 0 writes, 0 keys, 0 commit groups, 0.0 writes per commit group, ingest: 0.00 GB, 0.00 MB/s
Cumulative WAL: 0 writes, 0 syncs, 0.00 writes per sync, written: 0.00 GB, 0.00 MB/s
Cumulative stall: 00:00:0.000 H:M:S, 0.0 percent
Interval writes: 0 writes, 0 keys, 0 commit groups, 0.0 writes per commit group, ingest: 0.00 MB, 0.00 MB/s
Interval WAL: 0 writes, 0 syncs, 0.00 writes per sync, written: 0.00 MB, 0.00 MB/s
Interval stall: 00:00:0.000 H:M:S, 0.0 percent

** Compaction Stats [default] **
Level    Files   Size     Score Read(GB)  Rn(GB) Rnp1(GB) Write(GB) Wnew(GB) Moved(GB) W-Amp Rd(MB/s) Wr(MB/s) Comp(sec) Comp(cnt) Avg(sec) KeyIn KeyDrop
----------------------------------------------------------------------------------------------------------------------------------------------------------
  L0      8/0    5.71 KB   0.8      0.0     0.0      0.0       0.0      0.0       0.0   1.0      0.0      0.2         0         1    0.003       0      0
 Sum      8/0    5.71 KB   0.0      0.0     0.0      0.0       0.0      0.0       0.0   1.0      0.0      0.2         0         1    0.003       0      0
 Int      0/0    0.00 KB   0.0      0.0     0.0      0.0       0.0      0.0       0.0   1.0      0.0      0.2         0         1    0.003       0      0
Uptime(secs): 0.1 total, 0.1 interval
Flush(GB): cumulative 0.000, interval 0.000
AddFile(GB): cumulative 0.000, interval 0.000
AddFile(Total Files): cumulative 0, interval 0
AddFile(L0 Files): cumulative 0, interval 0
AddFile(Keys): cumulative 0, interval 0
Cumulative compaction: 0.00 GB write, 0.01 MB/s write, 0.00 GB read, 0.00 MB/s read, 0.0 seconds
Interval compaction: 0.00 GB write, 0.01 MB/s write, 0.00 GB read, 0.00 MB/s read, 0.0 seconds
Stalls(count): 0 level0_slowdown, 0 level0_slowdown_with_compaction, 0 level0_numfiles, 0 level0_numfiles_with_compaction, 0 stop for pending_compaction_bytes, 0 slowdown for pending_compaction_bytes, 0 memtable_compaction, 0 memtable_slowdown, interval 0 total count

** File Read Latency Histogram By Level [default] **
** Level 0 read latency histogram (micros):
Count: 40 Average: 77.3750  StdDev: 271.88
Min: 1  Median: 2.7692  Max: 1640
Percentiles: P50: 2.77 P75: 6.00 P99: 1640.00 P99.9: 1640.00 P99.99: 1640.00
------------------------------------------------------
[       0,       1 ]        2   5.000%   5.000% #
(       1,       2 ]        8  20.000%  25.000% ####
(       2,       3 ]       13  32.500%  57.500% #######
(       3,       4 ]        5  12.500%  70.000% ###
(       4,       6 ]        2   5.000%  75.000% #
(       6,      10 ]        1   2.500%  77.500% #
(      10,      15 ]        1   2.500%  80.000% #
(      15,      22 ]        1   2.500%  82.500% #
(      22,      34 ]        1   2.500%  85.000% #
(      34,      51 ]        1   2.500%  87.500% #
(      76,     110 ]        1   2.500%  90.000% #
(     250,     380 ]        2   5.000%  95.000% #
(     380,     580 ]        1   2.500%  97.500% #
(    1300,    1900 ]        1   2.500% 100.000% #


** Compaction Stats [Configuration] **
Level    Files   Size     Score Read(GB)  Rn(GB) Rnp1(GB) Write(GB) Wnew(GB) Moved(GB) W-Amp Rd(MB/s) Wr(MB/s) Comp(sec) Comp(cnt) Avg(sec) KeyIn KeyDrop
----------------------------------------------------------------------------------------------------------------------------------------------------------
  L0      8/0    6.73 KB   0.8      0.0     0.0      0.0       0.0      0.0       0.0   1.0      0.0      0.4         0         1    0.002       0      0
 Sum      8/0    6.73 KB   0.0      0.0     0.0      0.0       0.0      0.0       0.0   1.0      0.0      0.4         0         1    0.002       0      0
 Int      0/0    0.00 KB   0.0      0.0     0.0      0.0       0.0      0.0       0.0   1.0      0.0      0.4         0         1    0.002       0      0
Uptime(secs): 0.1 total, 0.1 interval
Flush(GB): cumulative 0.000, interval 0.000
AddFile(GB): cumulative 0.000, interval 0.000
AddFile(Total Files): cumulative 0, interval 0
AddFile(L0 Files): cumulative 0, interval 0
AddFile(Keys): cumulative 0, interval 0
Cumulative compaction: 0.00 GB write, 0.01 MB/s write, 0.00 GB read, 0.00 MB/s read, 0.0 seconds
Interval compaction: 0.00 GB write, 0.01 MB/s write, 0.00 GB read, 0.00 MB/s read, 0.0 seconds
Stalls(count): 0 level0_slowdown, 0 level0_slowdown_with_compaction, 0 level0_numfiles, 0 level0_numfiles_with_compaction, 0 stop for pending_compaction_bytes, 0 slowdown for pending_compaction_bytes, 0 memtable_compaction, 0 memtable_slowdown, interval 0 total count

** File Read Latency Histogram By Level [Configuration] **
** Level 0 read latency histogram (micros):
Count: 56 Average: 45.1250  StdDev: 126.34
Min: 2  Median: 2.9048  Max: 675
Percentiles: P50: 2.90 P75: 5.45 P99: 675.00 P99.9: 675.00 P99.99: 675.00
------------------------------------------------------
(       1,       2 ]        9  16.071%  16.071% ###
(       2,       3 ]       21  37.500%  53.571% ########
(       3,       4 ]        4   7.143%  60.714% #
(       4,       6 ]       11  19.643%  80.357% ####
(       6,      10 ]        2   3.571%  83.929% #
(      10,      15 ]        1   1.786%  85.714% 
(      15,      22 ]        1   1.786%  87.500% 
(     170,     250 ]        3   5.357%  92.857% #
(     250,     380 ]        2   3.571%  96.429% #
(     380,     580 ]        1   1.786%  98.214% 
(     580,     870 ]        1   1.786% 100.000% 


** Compaction Stats [default] **
Level    Files   Size     Score Read(GB)  Rn(GB) Rnp1(GB) Write(GB) Wnew(GB) Moved(GB) W-Amp Rd(MB/s) Wr(MB/s) Comp(sec) Comp(cnt) Avg(sec) KeyIn KeyDrop
----------------------------------------------------------------------------------------------------------------------------------------------------------
  L0      8/0    5.71 KB   0.8      0.0     0.0      0.0       0.0      0.0       0.0   1.0      0.0      0.2         0         1    0.003       0      0
 Sum      8/0    5.71 KB   0.0      0.0     0.0      0.0       0.0      0.0       0.0   1.0      0.0      0.2         0         1    0.003       0      0
 Int      0/0    0.00 KB   0.0      0.0     0.0      0.0       0.0      0.0       0.0   0.0      0.0      0.0         0         0    0.000       0      0
Uptime(secs): 0.1 total, 0.0 interval
Flush(GB): cumulative 0.000, interval 0.000
AddFile(GB): cumulative 0.000, interval 0.000
AddFile(Total Files): cumulative 0, interval 0
AddFile(L0 Files): cumulative 0, interval 0
AddFile(Keys): cumulative 0, interval 0
Cumulative compaction: 0.00 GB write, 0.01 MB/s write, 0.00 GB read, 0.00 MB/s read, 0.0 seconds
Interval compaction: 0.00 GB write, 0.00 MB/s write, 0.00 GB read, 0.00 MB/s read, 0.0 seconds
Stalls(count): 0 level0_slowdown, 0 level0_slowdown_with_compaction, 0 level0_numfiles, 0 level0_numfiles_with_compaction, 0 stop for pending_compaction_bytes, 0 slowdown for pending_compaction_bytes, 0 memtable_compaction, 0 memtable_slowdown, interval 0 total count

** File Read Latency Histogram By Level [default] **
** Level 0 read latency histogram (micros):
Count: 40 Average: 77.3750  StdDev: 271.88
Min: 1  Median: 2.7692  Max: 1640
Percentiles: P50: 2.77 P75: 6.00 P99: 1640.00 P99.9: 1640.00 P99.99: 1640.00
------------------------------------------------------
[       0,       1 ]        2   5.000%   5.000% #
(       1,       2 ]        8  20.000%  25.000% ####
(       2,       3 ]       13  32.500%  57.500% #######
(       3,       4 ]        5  12.500%  70.000% ###
(       4,       6 ]        2   5.000%  75.000% #
(       6,      10 ]        1   2.500%  77.500% #
(      10,      15 ]        1   2.500%  80.000% #
(      15,      22 ]        1   2.500%  82.500% #
(      22,      34 ]        1   2.500%  85.000% #
(      34,      51 ]        1   2.500%  87.500% #
(      76,     110 ]        1   2.500%  90.000% #
(     250,     380 ]        2   5.000%  95.000% #
(     380,     580 ]        1   2.500%  97.500% #
(    1300,    1900 ]        1   2.500% 100.000% #


** Compaction Stats [Configuration] **
Level    Files   Size     Score Read(GB)  Rn(GB) Rnp1(GB) Write(GB) Wnew(GB) Moved(GB) W-Amp Rd(MB/s) Wr(MB/s) Comp(sec) Comp(cnt) Avg(sec) KeyIn KeyDrop
----------------------------------------------------------------------------------------------------------------------------------------------------------
  L0      8/0    6.73 KB   0.8      0.0     0.0      0.0       0.0      0.0       0.0   1.0      0.0      0.4         0         1    0.002       0      0
 Sum      8/0    6.73 KB   0.0      0.0     0.0      0.0       0.0      0.0       0.0   1.0      0.0      0.4         0         1    0.002       0      0
 Int      0/0    0.00 KB   0.0      0.0     0.0      0.0       0.0      0.0       0.0   0.0      0.0      0.0         0         0    0.000       0      0
Uptime(secs): 0.1 total, 0.0 interval
Flush(GB): cumulative 0.000, interval 0.000
AddFile(GB): cumulative 0.000, interval 0.000
AddFile(Total Files): cumulative 0, interval 0
AddFile(L0 Files): cumulative 0, interval 0
AddFile(Keys): cumulative 0, interval 0
Cumulative compaction: 0.00 GB write, 0.01 MB/s write, 0.00 GB read, 0.00 MB/s read, 0.0 seconds
Interval compaction: 0.00 GB write, 0.00 MB/s write, 0.00 GB read, 0.00 MB/s read, 0.0 seconds
Stalls(count): 0 level0_slowdown, 0 level0_slowdown_with_compaction, 0 level0_numfiles, 0 level0_numfiles_with_compaction, 0 stop for pending_compaction_bytes, 0 slowdown for pending_compaction_bytes, 0 memtable_compaction, 0 memtable_slowdown, interval 0 total count

** File Read Latency Histogram By Level [Configuration] **
** Level 0 read latency histogram (micros):
Count: 56 Average: 45.1250  StdDev: 126.34
Min: 2  Median: 2.9048  Max: 675
Percentiles: P50: 2.90 P75: 5.45 P99: 675.00 P99.9: 675.00 P99.99: 675.00
------------------------------------------------------
(       1,       2 ]        9  16.071%  16.071% ###
(       2,       3 ]       21  37.500%  53.571% ########
(       3,       4 ]        4   7.143%  60.714% #
(       4,       6 ]       11  19.643%  80.357% ####
(       6,      10 ]        2   3.571%  83.929% #
(      10,      15 ]        1   1.786%  85.714% 
(      15,      22 ]        1   1.786%  87.500% 
(     170,     250 ]        3   5.357%  92.857% #
(     250,     380 ]        2   3.571%  96.429% #
(     380,     580 ]        1   1.786%  98.214% 
(     580,     870 ]        1   1.786% 100.000% 

2022/09/15-10:31:33.705832 2be4 [WARN] [db\db_impl.cc:617] STATISTICS:
 rocksdb.block.cache.miss COUNT : 32
rocksdb.block.cache.hit COUNT : 8
rocksdb.block.cache.add COUNT : 32
rocksdb.block.cache.add.failures COUNT : 0
rocksdb.block.cache.index.miss COUNT : 8
rocksdb.block.cache.index.hit COUNT : 8
rocksdb.block.cache.index.add COUNT : 8
rocksdb.block.cache.index.bytes.insert COUNT : 816
rocksdb.block.cache.index.bytes.evict COUNT : 0
rocksdb.block.cache.filter.miss COUNT : 0
rocksdb.block.cache.filter.hit COUNT : 0
rocksdb.block.cache.filter.add COUNT : 0
rocksdb.block.cache.filter.bytes.insert COUNT : 0
rocksdb.block.cache.filter.bytes.evict COUNT : 0
rocksdb.block.cache.data.miss COUNT : 24
rocksdb.block.cache.data.hit COUNT : 0
rocksdb.block.cache.data.add COUNT : 24
rocksdb.block.cache.data.bytes.insert COUNT : 3088
rocksdb.block.cache.bytes.read COUNT : 816
rocksdb.block.cache.bytes.write COUNT : 3904
rocksdb.bloom.filter.useful COUNT : 0
rocksdb.bloom.filter.full.positive COUNT : 0
rocksdb.bloom.filter.full.true.positive COUNT : 0
rocksdb.persistent.cache.hit COUNT : 0
rocksdb.persistent.cache.miss COUNT : 0
rocksdb.sim.block.cache.hit COUNT : 0
rocksdb.sim.block.cache.miss COUNT : 0
rocksdb.memtable.hit COUNT : 0
rocksdb.memtable.miss COUNT : 0
rocksdb.l0.hit COUNT : 0
rocksdb.l1.hit COUNT : 0
rocksdb.l2andup.hit COUNT : 0
rocksdb.compaction.key.drop.new COUNT : 0
rocksdb.compaction.key.drop.obsolete COUNT : 0
rocksdb.compaction.key.drop.range_del COUNT : 0
rocksdb.compaction.key.drop.user COUNT : 0
rocksdb.compaction.range_del.drop.obsolete COUNT : 0
rocksdb.compaction.optimized.del.drop.obsolete COUNT : 0
rocksdb.compaction.cancelled COUNT : 0
rocksdb.number.keys.written COUNT : 0
rocksdb.number.keys.read COUNT : 0
rocksdb.number.keys.updated COUNT : 0
rocksdb.bytes.written COUNT : 0
rocksdb.bytes.read COUNT : 0
rocksdb.number.db.seek COUNT : 2
rocksdb.number.db.next COUNT : 1
rocksdb.number.db.prev COUNT : 0
rocksdb.number.db.seek.found COUNT : 1
rocksdb.number.db.next.found COUNT : 0
rocksdb.number.db.prev.found COUNT : 0
rocksdb.db.iter.bytes.read COUNT : 26
rocksdb.no.file.closes COUNT : 0
rocksdb.no.file.opens COUNT : 16
rocksdb.no.file.errors COUNT : 0
rocksdb.l0.slowdown.micros COUNT : 0
rocksdb.memtable.compaction.micros COUNT : 0
rocksdb.l0.num.files.stall.micros COUNT : 0
rocksdb.stall.micros COUNT : 0
rocksdb.db.mutex.wait.micros COUNT : 0
rocksdb.rate.limit.delay.millis COUNT : 0
rocksdb.num.iterators COUNT : 0
rocksdb.number.multiget.get COUNT : 0
rocksdb.number.multiget.keys.read COUNT : 0
rocksdb.number.multiget.bytes.read COUNT : 0
rocksdb.number.deletes.filtered COUNT : 0
rocksdb.number.merge.failures COUNT : 0
rocksdb.bloom.filter.prefix.checked COUNT : 0
rocksdb.bloom.filter.prefix.useful COUNT : 0
rocksdb.number.reseeks.iteration COUNT : 0
rocksdb.getupdatessince.calls COUNT : 0
rocksdb.block.cachecompressed.miss COUNT : 0
rocksdb.block.cachecompressed.hit COUNT : 0
rocksdb.block.cachecompressed.add COUNT : 0
rocksdb.block.cachecompressed.add.failures COUNT : 0
rocksdb.wal.synced COUNT : 0
rocksdb.wal.bytes COUNT : 0
rocksdb.write.self COUNT : 0
rocksdb.write.other COUNT : 0
rocksdb.write.timeout COUNT : 0
rocksdb.write.wal COUNT : 0
rocksdb.compact.read.bytes COUNT : 0
rocksdb.compact.write.bytes COUNT : 1562
rocksdb.flush.write.bytes COUNT : 0
rocksdb.number.direct.load.table.properties COUNT : 0
rocksdb.number.superversion_acquires COUNT : 2
rocksdb.number.superversion_releases COUNT : 0
rocksdb.number.superversion_cleanups COUNT : 0
rocksdb.number.block.compressed COUNT : 1
rocksdb.number.block.decompressed COUNT : 8
rocksdb.number.block.not_compressed COUNT : 0
rocksdb.merge.operation.time.nanos COUNT : 0
rocksdb.filter.operation.time.nanos COUNT : 0
rocksdb.row.cache.hit COUNT : 0
rocksdb.row.cache.miss COUNT : 0
rocksdb.read.amp.estimate.useful.bytes COUNT : 0
rocksdb.read.amp.total.read.bytes COUNT : 0
rocksdb.number.rate_limiter.drains COUNT : 0
rocksdb.number.iter.skip COUNT : 7
rocksdb.blobdb.num.put COUNT : 0
rocksdb.blobdb.num.write COUNT : 0
rocksdb.blobdb.num.get COUNT : 0
rocksdb.blobdb.num.multiget COUNT : 0
rocksdb.blobdb.num.seek COUNT : 0
rocksdb.blobdb.num.next COUNT : 0
rocksdb.blobdb.num.prev COUNT : 0
rocksdb.blobdb.num.keys.written COUNT : 0
rocksdb.blobdb.num.keys.read COUNT : 0
rocksdb.blobdb.bytes.written COUNT : 0
rocksdb.blobdb.bytes.read COUNT : 0
rocksdb.blobdb.write.inlined COUNT : 0
rocksdb.blobdb.write.inlined.ttl COUNT : 0
rocksdb.blobdb.write.blob COUNT : 0
rocksdb.blobdb.write.blob.ttl COUNT : 0
rocksdb.blobdb.blob.file.bytes.written COUNT : 0
rocksdb.blobdb.blob.file.bytes.read COUNT : 0
rocksdb.blobdb.blob.file.synced COUNT : 0
rocksdb.blobdb.blob.index.expired.count COUNT : 0
rocksdb.blobdb.blob.index.expired.size COUNT : 0
rocksdb.blobdb.blob.index.evicted.count COUNT : 0
rocksdb.blobdb.blob.index.evicted.size COUNT : 0
rocksdb.blobdb.gc.num.files COUNT : 0
rocksdb.blobdb.gc.num.new.files COUNT : 0
rocksdb.blobdb.gc.failures COUNT : 0
rocksdb.blobdb.gc.num.keys.overwritten COUNT : 0
rocksdb.blobdb.gc.num.keys.expired COUNT : 0
rocksdb.blobdb.gc.num.keys.relocated COUNT : 0
rocksdb.blobdb.gc.bytes.overwritten COUNT : 0
rocksdb.blobdb.gc.bytes.expired COUNT : 0
rocksdb.blobdb.gc.bytes.relocated COUNT : 0
rocksdb.blobdb.fifo.num.files.evicted COUNT : 0
rocksdb.blobdb.fifo.num.keys.evicted COUNT : 0
rocksdb.blobdb.fifo.bytes.evicted COUNT : 0
rocksdb.txn.overhead.mutex.prepare COUNT : 0
rocksdb.txn.overhead.mutex.old.commit.map COUNT : 0
rocksdb.txn.overhead.duplicate.key COUNT : 0
rocksdb.txn.overhead.mutex.snapshot COUNT : 0
rocksdb.number.multiget.keys.found COUNT : 0
