2022/09/15-10:31:33.483975 2b28 RocksDB version: 5.18.4
2022/09/15-10:31:33.484082 2b28 Git sha rocksdb_build_git_sha:@b9a4a10659969c71e6f6eab4e4bae8c36ede919f@
2022/09/15-10:31:33.484104 2b28 Compile date Mar 11 2020
2022/09/15-10:31:33.484120 2b28 DB SUMMARY
2022/09/15-10:31:33.484370 2b28 CURRENT file:  CURRENT
2022/09/15-10:31:33.484392 2b28 IDENTITY file:  IDENTITY
2022/09/15-10:31:33.484804 2b28 MANIFEST file:  MANIFEST-000031 size: 816 Bytes
2022/09/15-10:31:33.484851 2b28 SST files in C:\Users\Administrator\Desktop\STPam_cloud\nacos\data\protocol\raft\naming_instance_metadata\log dir, Total Num: 14, files: 000006.sst 000008.sst 000010.sst 000012.sst 000014.sst 000016.sst 000018.sst 000020.sst 000022.sst 
2022/09/15-10:31:33.484868 2b28 Write Ahead Log file in C:\Users\Administrator\Desktop\STPam_cloud\nacos\data\protocol\raft\naming_instance_metadata\log: 000033.log size: 3479 ; 
2022/09/15-10:31:33.485075 2b28                         Options.error_if_exists: 0
2022/09/15-10:31:33.485086 2b28                       Options.create_if_missing: 1
2022/09/15-10:31:33.485092 2b28                         Options.paranoid_checks: 1
2022/09/15-10:31:33.485095 2b28                                     Options.env: 00000000007AB470
2022/09/15-10:31:33.485100 2b28                                Options.info_log: 000000002D3C43D0
2022/09/15-10:31:33.485104 2b28                Options.max_file_opening_threads: 16
2022/09/15-10:31:33.485108 2b28                              Options.statistics: 0000000022F62FA0
2022/09/15-10:31:33.485113 2b28                               Options.use_fsync: 0
2022/09/15-10:31:33.485117 2b28                       Options.max_log_file_size: 0
2022/09/15-10:31:33.485121 2b28                  Options.max_manifest_file_size: 1073741824
2022/09/15-10:31:33.485125 2b28                   Options.log_file_time_to_roll: 0
2022/09/15-10:31:33.485129 2b28                       Options.keep_log_file_num: 1000
2022/09/15-10:31:33.485134 2b28                    Options.recycle_log_file_num: 0
2022/09/15-10:31:33.485138 2b28                         Options.allow_fallocate: 1
2022/09/15-10:31:33.485142 2b28                        Options.allow_mmap_reads: 0
2022/09/15-10:31:33.485146 2b28                       Options.allow_mmap_writes: 0
2022/09/15-10:31:33.485150 2b28                        Options.use_direct_reads: 0
2022/09/15-10:31:33.485154 2b28                        Options.use_direct_io_for_flush_and_compaction: 0
2022/09/15-10:31:33.485158 2b28          Options.create_missing_column_families: 1
2022/09/15-10:31:33.485163 2b28                              Options.db_log_dir: 
2022/09/15-10:31:33.485167 2b28                                 Options.wal_dir: C:\Users\Administrator\Desktop\STPam_cloud\nacos\data\protocol\raft\naming_instance_metadata\log
2022/09/15-10:31:33.485171 2b28                Options.table_cache_numshardbits: 6
2022/09/15-10:31:33.485174 2b28                      Options.max_subcompactions: 1
2022/09/15-10:31:33.485179 2b28                  Options.max_background_flushes: 1
2022/09/15-10:31:33.485182 2b28                         Options.WAL_ttl_seconds: 0
2022/09/15-10:31:33.485186 2b28                       Options.WAL_size_limit_MB: 0
2022/09/15-10:31:33.485190 2b28             Options.manifest_preallocation_size: 4194304
2022/09/15-10:31:33.485194 2b28                     Options.is_fd_close_on_exec: 1
2022/09/15-10:31:33.485198 2b28                   Options.advise_random_on_open: 1
2022/09/15-10:31:33.485202 2b28                    Options.db_write_buffer_size: 0
2022/09/15-10:31:33.485205 2b28                    Options.write_buffer_manager: 000000002D36E3C0
2022/09/15-10:31:33.485210 2b28         Options.access_hint_on_compaction_start: 1
2022/09/15-10:31:33.485213 2b28  Options.new_table_reader_for_compaction_inputs: 0
2022/09/15-10:31:33.485217 2b28           Options.random_access_max_buffer_size: 1048576
2022/09/15-10:31:33.485221 2b28                      Options.use_adaptive_mutex: 0
2022/09/15-10:31:33.485225 2b28                            Options.rate_limiter: 0000000000000000
2022/09/15-10:31:33.485289 2b28     Options.sst_file_manager.rate_bytes_per_sec: 0
2022/09/15-10:31:33.485298 2b28                       Options.wal_recovery_mode: 2
2022/09/15-10:31:33.485302 2b28                  Options.enable_thread_tracking: 0
2022/09/15-10:31:33.485307 2b28                  Options.enable_pipelined_write: 0
2022/09/15-10:31:33.485310 2b28         Options.allow_concurrent_memtable_write: 1
2022/09/15-10:31:33.485315 2b28      Options.enable_write_thread_adaptive_yield: 1
2022/09/15-10:31:33.485319 2b28             Options.write_thread_max_yield_usec: 100
2022/09/15-10:31:33.485322 2b28            Options.write_thread_slow_yield_usec: 3
2022/09/15-10:31:33.485327 2b28                               Options.row_cache: None
2022/09/15-10:31:33.485331 2b28                              Options.wal_filter: None
2022/09/15-10:31:33.485335 2b28             Options.avoid_flush_during_recovery: 0
2022/09/15-10:31:33.485339 2b28             Options.allow_ingest_behind: 0
2022/09/15-10:31:33.485343 2b28             Options.preserve_deletes: 0
2022/09/15-10:31:33.485346 2b28             Options.two_write_queues: 0
2022/09/15-10:31:33.485350 2b28             Options.manual_wal_flush: 0
2022/09/15-10:31:33.485354 2b28             Options.max_background_jobs: 2
2022/09/15-10:31:33.485358 2b28             Options.max_background_compactions: 4
2022/09/15-10:31:33.485362 2b28             Options.avoid_flush_during_shutdown: 0
2022/09/15-10:31:33.485366 2b28           Options.writable_file_max_buffer_size: 1048576
2022/09/15-10:31:33.485371 2b28             Options.delayed_write_rate : 16777216
2022/09/15-10:31:33.485375 2b28             Options.max_total_wal_size: 0
2022/09/15-10:31:33.485379 2b28             Options.delete_obsolete_files_period_micros: 21600000000
2022/09/15-10:31:33.485383 2b28                   Options.stats_dump_period_sec: 600
2022/09/15-10:31:33.485387 2b28                          Options.max_open_files: -1
2022/09/15-10:31:33.485391 2b28                          Options.bytes_per_sync: 0
2022/09/15-10:31:33.485396 2b28                      Options.wal_bytes_per_sync: 0
2022/09/15-10:31:33.485400 2b28       Options.compaction_readahead_size: 0
2022/09/15-10:31:33.485404 2b28 Compression algorithms supported:
2022/09/15-10:31:33.485411 2b28 	kZSTD supported: 1
2022/09/15-10:31:33.485416 2b28 	kSnappyCompression supported: 1
2022/09/15-10:31:33.485423 2b28 	kBZip2Compression supported: 0
2022/09/15-10:31:33.485427 2b28 	kZlibCompression supported: 1
2022/09/15-10:31:33.485431 2b28 	kLZ4Compression supported: 1
2022/09/15-10:31:33.485435 2b28 	kXpressCompression supported: 0
2022/09/15-10:31:33.485439 2b28 	kLZ4HCCompression supported: 1
2022/09/15-10:31:33.485444 2b28 	kZSTDNotFinalCompression supported: 1
2022/09/15-10:31:33.485454 2b28 Fast CRC32 supported: Supported on x86
2022/09/15-10:31:33.487542 2b28 [db\version_set.cc:3508] Recovering from manifest file: MANIFEST-000031
2022/09/15-10:31:33.487743 2b28 [db\column_family.cc:474] --------------- Options for column family [default]:
2022/09/15-10:31:33.487755 2b28               Options.comparator: leveldb.BytewiseComparator
2022/09/15-10:31:33.487762 2b28           Options.merge_operator: StringAppendOperator
2022/09/15-10:31:33.487767 2b28        Options.compaction_filter: None
2022/09/15-10:31:33.487771 2b28        Options.compaction_filter_factory: None
2022/09/15-10:31:33.487777 2b28         Options.memtable_factory: SkipListFactory
2022/09/15-10:31:33.487782 2b28            Options.table_factory: BlockBasedTable
2022/09/15-10:31:33.487827 2b28            table_factory options:   flush_block_policy_factory: FlushBlockBySizePolicyFactory (000000002D373160)
  cache_index_and_filter_blocks: 0
  cache_index_and_filter_blocks_with_high_priority: 1
  pin_l0_filter_and_index_blocks_in_cache: 1
  pin_top_level_index_and_filter: 1
  index_type: 2
  hash_index_allow_collision: 1
  checksum: 1
  no_block_cache: 0
  block_cache: 000000002D3637E0
  block_cache_name: LRUCache
  block_cache_options:
    capacity : 536870912
    num_shard_bits : 8
    strict_capacity_limit : 0
    memory_allocator : None
    high_pri_pool_ratio: 0.000
  block_cache_compressed: 0000000000000000
  persistent_cache: 0000000000000000
  block_size: 4096
  block_size_deviation: 10
  block_restart_interval: 16
  index_block_restart_interval: 1
  metadata_block_size: 8192
  partition_filters: 1
  use_delta_encoding: 1
  filter_policy: nullptr
  whole_key_filtering: 1
  verify_compression: 0
  read_amp_bytes_per_bit: 0
  format_version: 0
  enable_index_compression: 1
  block_align: 0
2022/09/15-10:31:33.487922 2b28        Options.write_buffer_size: 67108864
2022/09/15-10:31:33.487932 2b28  Options.max_write_buffer_number: 3
2022/09/15-10:31:33.487937 2b28          Options.compression: Snappy
2022/09/15-10:31:33.487942 2b28                  Options.bottommost_compression: Disabled
2022/09/15-10:31:33.487947 2b28       Options.prefix_extractor: rocksdb.FixedPrefix.8
2022/09/15-10:31:33.487951 2b28   Options.memtable_insert_with_hint_prefix_extractor: nullptr
2022/09/15-10:31:33.487956 2b28             Options.num_levels: 7
2022/09/15-10:31:33.487960 2b28        Options.min_write_buffer_number_to_merge: 1
2022/09/15-10:31:33.487964 2b28     Options.max_write_buffer_number_to_maintain: 0
2022/09/15-10:31:33.487969 2b28            Options.bottommost_compression_opts.window_bits: -14
2022/09/15-10:31:33.487973 2b28                  Options.bottommost_compression_opts.level: 32767
2022/09/15-10:31:33.487977 2b28               Options.bottommost_compression_opts.strategy: 0
2022/09/15-10:31:33.487982 2b28         Options.bottommost_compression_opts.max_dict_bytes: 0
2022/09/15-10:31:33.487988 2b28         Options.bottommost_compression_opts.zstd_max_train_bytes: 0
2022/09/15-10:31:33.487992 2b28                  Options.bottommost_compression_opts.enabled: false
2022/09/15-10:31:33.487996 2b28            Options.compression_opts.window_bits: -14
2022/09/15-10:31:33.488000 2b28                  Options.compression_opts.level: 32767
2022/09/15-10:31:33.488005 2b28               Options.compression_opts.strategy: 0
2022/09/15-10:31:33.488009 2b28         Options.compression_opts.max_dict_bytes: 0
2022/09/15-10:31:33.488013 2b28         Options.compression_opts.zstd_max_train_bytes: 0
2022/09/15-10:31:33.488018 2b28                  Options.compression_opts.enabled: false
2022/09/15-10:31:33.488022 2b28      Options.level0_file_num_compaction_trigger: 10
2022/09/15-10:31:33.488026 2b28          Options.level0_slowdown_writes_trigger: 20
2022/09/15-10:31:33.488031 2b28              Options.level0_stop_writes_trigger: 40
2022/09/15-10:31:33.488035 2b28                   Options.target_file_size_base: 67108864
2022/09/15-10:31:33.488039 2b28             Options.target_file_size_multiplier: 1
2022/09/15-10:31:33.488043 2b28                Options.max_bytes_for_level_base: 536870912
2022/09/15-10:31:33.488046 2b28 Options.level_compaction_dynamic_level_bytes: 0
2022/09/15-10:31:33.488050 2b28          Options.max_bytes_for_level_multiplier: 10.000000
2022/09/15-10:31:33.488061 2b28 Options.max_bytes_for_level_multiplier_addtl[0]: 1
2022/09/15-10:31:33.488065 2b28 Options.max_bytes_for_level_multiplier_addtl[1]: 1
2022/09/15-10:31:33.488070 2b28 Options.max_bytes_for_level_multiplier_addtl[2]: 1
2022/09/15-10:31:33.488075 2b28 Options.max_bytes_for_level_multiplier_addtl[3]: 1
2022/09/15-10:31:33.488078 2b28 Options.max_bytes_for_level_multiplier_addtl[4]: 1
2022/09/15-10:31:33.488082 2b28 Options.max_bytes_for_level_multiplier_addtl[5]: 1
2022/09/15-10:31:33.488086 2b28 Options.max_bytes_for_level_multiplier_addtl[6]: 1
2022/09/15-10:31:33.488091 2b28       Options.max_sequential_skip_in_iterations: 8
2022/09/15-10:31:33.488095 2b28                    Options.max_compaction_bytes: 1677721600
2022/09/15-10:31:33.488098 2b28                        Options.arena_block_size: 8388608
2022/09/15-10:31:33.488103 2b28   Options.soft_pending_compaction_bytes_limit: 68719476736
2022/09/15-10:31:33.488107 2b28   Options.hard_pending_compaction_bytes_limit: 274877906944
2022/09/15-10:31:33.488111 2b28       Options.rate_limit_delay_max_milliseconds: 100
2022/09/15-10:31:33.488119 2b28                Options.disable_auto_compactions: 0
2022/09/15-10:31:33.488127 2b28                        Options.compaction_style: kCompactionStyleLevel
2022/09/15-10:31:33.488132 2b28                          Options.compaction_pri: kByCompensatedSize
2022/09/15-10:31:33.488136 2b28 Options.compaction_options_universal.size_ratio: 1
2022/09/15-10:31:33.488140 2b28 Options.compaction_options_universal.min_merge_width: 2
2022/09/15-10:31:33.488144 2b28 Options.compaction_options_universal.max_merge_width: 4294967295
2022/09/15-10:31:33.488148 2b28 Options.compaction_options_universal.max_size_amplification_percent: 200
2022/09/15-10:31:33.488153 2b28 Options.compaction_options_universal.compression_size_percent: -1
2022/09/15-10:31:33.488160 2b28 Options.compaction_options_universal.stop_style: kCompactionStopStyleTotalSize
2022/09/15-10:31:33.488164 2b28 Options.compaction_options_fifo.max_table_files_size: 1073741824
2022/09/15-10:31:33.488169 2b28 Options.compaction_options_fifo.allow_compaction: 0
2022/09/15-10:31:33.488173 2b28 Options.compaction_options_fifo.ttl: 0
2022/09/15-10:31:33.488178 2b28                   Options.table_properties_collectors: 
2022/09/15-10:31:33.488182 2b28                   Options.inplace_update_support: 0
2022/09/15-10:31:33.488186 2b28                 Options.inplace_update_num_locks: 10000
2022/09/15-10:31:33.488190 2b28               Options.memtable_prefix_bloom_size_ratio: 0.125000
2022/09/15-10:31:33.488195 2b28   Options.memtable_huge_page_size: 0
2022/09/15-10:31:33.488200 2b28                           Options.bloom_locality: 0
2022/09/15-10:31:33.488204 2b28                    Options.max_successive_merges: 0
2022/09/15-10:31:33.488209 2b28                Options.optimize_filters_for_hits: 0
2022/09/15-10:31:33.488213 2b28                Options.paranoid_file_checks: 0
2022/09/15-10:31:33.488216 2b28                Options.force_consistency_checks: 1
2022/09/15-10:31:33.488221 2b28                Options.report_bg_io_stats: 0
2022/09/15-10:31:33.488225 2b28                               Options.ttl: 0
2022/09/15-10:31:33.493088 2b28 [db\column_family.cc:474] --------------- Options for column family [Configuration]:
2022/09/15-10:31:33.493132 2b28               Options.comparator: leveldb.BytewiseComparator
2022/09/15-10:31:33.493139 2b28           Options.merge_operator: StringAppendOperator
2022/09/15-10:31:33.493143 2b28        Options.compaction_filter: None
2022/09/15-10:31:33.493147 2b28        Options.compaction_filter_factory: None
2022/09/15-10:31:33.493153 2b28         Options.memtable_factory: SkipListFactory
2022/09/15-10:31:33.493157 2b28            Options.table_factory: BlockBasedTable
2022/09/15-10:31:33.493215 2b28            table_factory options:   flush_block_policy_factory: FlushBlockBySizePolicyFactory (000000002D373160)
  cache_index_and_filter_blocks: 0
  cache_index_and_filter_blocks_with_high_priority: 1
  pin_l0_filter_and_index_blocks_in_cache: 1
  pin_top_level_index_and_filter: 1
  index_type: 2
  hash_index_allow_collision: 1
  checksum: 1
  no_block_cache: 0
  block_cache: 000000002D3637E0
  block_cache_name: LRUCache
  block_cache_options:
    capacity : 536870912
    num_shard_bits : 8
    strict_capacity_limit : 0
    memory_allocator : None
    high_pri_pool_ratio: 0.000
  block_cache_compressed: 0000000000000000
  persistent_cache: 0000000000000000
  block_size: 4096
  block_size_deviation: 10
  block_restart_interval: 16
  index_block_restart_interval: 1
  metadata_block_size: 8192
  partition_filters: 1
  use_delta_encoding: 1
  filter_policy: nullptr
  whole_key_filtering: 1
  verify_compression: 0
  read_amp_bytes_per_bit: 0
  format_version: 0
  enable_index_compression: 1
  block_align: 0
2022/09/15-10:31:33.493222 2b28        Options.write_buffer_size: 67108864
2022/09/15-10:31:33.493228 2b28  Options.max_write_buffer_number: 3
2022/09/15-10:31:33.493234 2b28          Options.compression: Snappy
2022/09/15-10:31:33.493238 2b28                  Options.bottommost_compression: Disabled
2022/09/15-10:31:33.493360 2b28       Options.prefix_extractor: rocksdb.FixedPrefix.8
2022/09/15-10:31:33.493369 2b28   Options.memtable_insert_with_hint_prefix_extractor: nullptr
2022/09/15-10:31:33.493374 2b28             Options.num_levels: 7
2022/09/15-10:31:33.493379 2b28        Options.min_write_buffer_number_to_merge: 1
2022/09/15-10:31:33.493383 2b28     Options.max_write_buffer_number_to_maintain: 0
2022/09/15-10:31:33.493389 2b28            Options.bottommost_compression_opts.window_bits: -14
2022/09/15-10:31:33.493394 2b28                  Options.bottommost_compression_opts.level: 32767
2022/09/15-10:31:33.493398 2b28               Options.bottommost_compression_opts.strategy: 0
2022/09/15-10:31:33.493402 2b28         Options.bottommost_compression_opts.max_dict_bytes: 0
2022/09/15-10:31:33.493407 2b28         Options.bottommost_compression_opts.zstd_max_train_bytes: 0
2022/09/15-10:31:33.493412 2b28                  Options.bottommost_compression_opts.enabled: false
2022/09/15-10:31:33.493416 2b28            Options.compression_opts.window_bits: -14
2022/09/15-10:31:33.493421 2b28                  Options.compression_opts.level: 32767
2022/09/15-10:31:33.493425 2b28               Options.compression_opts.strategy: 0
2022/09/15-10:31:33.493429 2b28         Options.compression_opts.max_dict_bytes: 0
2022/09/15-10:31:33.493433 2b28         Options.compression_opts.zstd_max_train_bytes: 0
2022/09/15-10:31:33.493437 2b28                  Options.compression_opts.enabled: false
2022/09/15-10:31:33.493441 2b28      Options.level0_file_num_compaction_trigger: 10
2022/09/15-10:31:33.493445 2b28          Options.level0_slowdown_writes_trigger: 20
2022/09/15-10:31:33.493449 2b28              Options.level0_stop_writes_trigger: 40
2022/09/15-10:31:33.493454 2b28                   Options.target_file_size_base: 67108864
2022/09/15-10:31:33.493460 2b28             Options.target_file_size_multiplier: 1
2022/09/15-10:31:33.493463 2b28                Options.max_bytes_for_level_base: 536870912
2022/09/15-10:31:33.493467 2b28 Options.level_compaction_dynamic_level_bytes: 0
2022/09/15-10:31:33.493472 2b28          Options.max_bytes_for_level_multiplier: 10.000000
2022/09/15-10:31:33.493481 2b28 Options.max_bytes_for_level_multiplier_addtl[0]: 1
2022/09/15-10:31:33.493485 2b28 Options.max_bytes_for_level_multiplier_addtl[1]: 1
2022/09/15-10:31:33.493489 2b28 Options.max_bytes_for_level_multiplier_addtl[2]: 1
2022/09/15-10:31:33.493493 2b28 Options.max_bytes_for_level_multiplier_addtl[3]: 1
2022/09/15-10:31:33.493497 2b28 Options.max_bytes_for_level_multiplier_addtl[4]: 1
2022/09/15-10:31:33.493502 2b28 Options.max_bytes_for_level_multiplier_addtl[5]: 1
2022/09/15-10:31:33.493515 2b28 Options.max_bytes_for_level_multiplier_addtl[6]: 1
2022/09/15-10:31:33.493520 2b28       Options.max_sequential_skip_in_iterations: 8
2022/09/15-10:31:33.493524 2b28                    Options.max_compaction_bytes: 1677721600
2022/09/15-10:31:33.493528 2b28                        Options.arena_block_size: 8388608
2022/09/15-10:31:33.493532 2b28   Options.soft_pending_compaction_bytes_limit: 68719476736
2022/09/15-10:31:33.493536 2b28   Options.hard_pending_compaction_bytes_limit: 274877906944
2022/09/15-10:31:33.493540 2b28       Options.rate_limit_delay_max_milliseconds: 100
2022/09/15-10:31:33.493544 2b28                Options.disable_auto_compactions: 0
2022/09/15-10:31:33.493551 2b28                        Options.compaction_style: kCompactionStyleLevel
2022/09/15-10:31:33.493556 2b28                          Options.compaction_pri: kByCompensatedSize
2022/09/15-10:31:33.493560 2b28 Options.compaction_options_universal.size_ratio: 1
2022/09/15-10:31:33.493564 2b28 Options.compaction_options_universal.min_merge_width: 2
2022/09/15-10:31:33.493568 2b28 Options.compaction_options_universal.max_merge_width: 4294967295
2022/09/15-10:31:33.493572 2b28 Options.compaction_options_universal.max_size_amplification_percent: 200
2022/09/15-10:31:33.493577 2b28 Options.compaction_options_universal.compression_size_percent: -1
2022/09/15-10:31:33.493582 2b28 Options.compaction_options_universal.stop_style: kCompactionStopStyleTotalSize
2022/09/15-10:31:33.493589 2b28 Options.compaction_options_fifo.max_table_files_size: 1073741824
2022/09/15-10:31:33.493594 2b28 Options.compaction_options_fifo.allow_compaction: 0
2022/09/15-10:31:33.493598 2b28 Options.compaction_options_fifo.ttl: 0
2022/09/15-10:31:33.493602 2b28                   Options.table_properties_collectors: 
2022/09/15-10:31:33.493606 2b28                   Options.inplace_update_support: 0
2022/09/15-10:31:33.493611 2b28                 Options.inplace_update_num_locks: 10000
2022/09/15-10:31:33.493615 2b28               Options.memtable_prefix_bloom_size_ratio: 0.125000
2022/09/15-10:31:33.493620 2b28   Options.memtable_huge_page_size: 0
2022/09/15-10:31:33.493625 2b28                           Options.bloom_locality: 0
2022/09/15-10:31:33.493629 2b28                    Options.max_successive_merges: 0
2022/09/15-10:31:33.493632 2b28                Options.optimize_filters_for_hits: 0
2022/09/15-10:31:33.493636 2b28                Options.paranoid_file_checks: 0
2022/09/15-10:31:33.493640 2b28                Options.force_consistency_checks: 1
2022/09/15-10:31:33.493644 2b28                Options.report_bg_io_stats: 0
2022/09/15-10:31:33.493649 2b28                               Options.ttl: 0
2022/09/15-10:31:33.542310 2b28 [db\version_set.cc:3724] Recovered from manifest file:C:\Users\Administrator\Desktop\STPam_cloud\nacos\data\protocol\raft\naming_instance_metadata\log/MANIFEST-000031 succeeded,manifest_file_number is 31, next_file_number is 34, last_sequence is 699, log_number is 0,prev_log_number is 0,max_column_family is 1,min_log_number_to_keep is 0
2022/09/15-10:31:33.542351 2b28 [db\version_set.cc:3732] Column family [default] (ID 0), log number is 30
2022/09/15-10:31:33.542357 2b28 [db\version_set.cc:3732] Column family [Configuration] (ID 1), log number is 30
2022/09/15-10:31:33.544775 2b28 EVENT_LOG_v1 {"time_micros": 1663209093544762, "job": 1, "event": "recovery_started", "log_files": [33]}
2022/09/15-10:31:33.544802 2b28 [db\db_impl_open.cc:578] Recovering log #33 mode 2
2022/09/15-10:31:33.548560 2b28 EVENT_LOG_v1 {"time_micros": 1663209093548533, "cf_name": "default", "job": 1, "event": "table_file_creation", "file_number": 34, "file_size": 716, "table_properties": {"data_size": 0, "index_size": 13, "filter_size": 0, "raw_key_size": 16, "raw_average_key_size": 0, "raw_value_size": 8, "raw_average_value_size": 0, "num_data_blocks": 0, "num_entries": 0, "filter_policy_name": ""}}
2022/09/15-10:31:33.553523 2b28 [db\version_set.cc:3037] Creating manifest 35
2022/09/15-10:31:33.574333 2b28 EVENT_LOG_v1 {"time_micros": 1663209093574306, "cf_name": "Configuration", "job": 1, "event": "table_file_creation", "file_number": 36, "file_size": 846, "table_properties": {"data_size": 44, "index_size": 49, "filter_size": 0, "raw_key_size": 42, "raw_average_key_size": 42, "raw_value_size": 16, "raw_average_value_size": 16, "num_data_blocks": 1, "num_entries": 1, "filter_policy_name": ""}}
2022/09/15-10:31:33.590136 2b28 EVENT_LOG_v1 {"time_micros": 1663209093590121, "job": 1, "event": "recovery_finished"}
2022/09/15-10:31:33.601689 2b28 [db\db_impl_open.cc:1314] DB pointer 000000002D31EA20
2022/09/15-10:31:33.604936 45e8 [WARN] [db\db_impl.cc:669] ------- DUMPING STATS -------
2022/09/15-10:31:33.604970 45e8 [WARN] [db\db_impl.cc:670] 
** DB Stats **
Uptime(secs): 0.1 total, 0.1 interval
Cumulative writes: 0 writes, 0 keys, 0 commit groups, 0.0 writes per commit group, ingest: 0.00 GB, 0.00 MB/s
Cumulative WAL: 0 writes, 0 syncs, 0.00 writes per sync, written: 0.00 GB, 0.00 MB/s
Cumulative stall: 00:00:0.000 H:M:S, 0.0 percent
Interval writes: 0 writes, 0 keys, 0 commit groups, 0.0 writes per commit group, ingest: 0.00 MB, 0.00 MB/s
Interval WAL: 0 writes, 0 syncs, 0.00 writes per sync, written: 0.00 MB, 0.00 MB/s
Interval stall: 00:00:0.000 H:M:S, 0.0 percent

** Compaction Stats [default] **
Level    Files   Size     Score Read(GB)  Rn(GB) Rnp1(GB) Write(GB) Wnew(GB) Moved(GB) W-Amp Rd(MB/s) Wr(MB/s) Comp(sec) Comp(cnt) Avg(sec) KeyIn KeyDrop
----------------------------------------------------------------------------------------------------------------------------------------------------------
  L0      8/0    5.75 KB   0.8      0.0     0.0      0.0       0.0      0.0       0.0   1.0      0.0      0.2         0         1    0.003       0      0
 Sum      8/0    5.75 KB   0.0      0.0     0.0      0.0       0.0      0.0       0.0   1.0      0.0      0.2         0         1    0.003       0      0
 Int      0/0    0.00 KB   0.0      0.0     0.0      0.0       0.0      0.0       0.0   1.0      0.0      0.2         0         1    0.003       0      0
Uptime(secs): 0.1 total, 0.1 interval
Flush(GB): cumulative 0.000, interval 0.000
AddFile(GB): cumulative 0.000, interval 0.000
AddFile(Total Files): cumulative 0, interval 0
AddFile(L0 Files): cumulative 0, interval 0
AddFile(Keys): cumulative 0, interval 0
Cumulative compaction: 0.00 GB write, 0.01 MB/s write, 0.00 GB read, 0.00 MB/s read, 0.0 seconds
Interval compaction: 0.00 GB write, 0.01 MB/s write, 0.00 GB read, 0.00 MB/s read, 0.0 seconds
Stalls(count): 0 level0_slowdown, 0 level0_slowdown_with_compaction, 0 level0_numfiles, 0 level0_numfiles_with_compaction, 0 stop for pending_compaction_bytes, 0 slowdown for pending_compaction_bytes, 0 memtable_compaction, 0 memtable_slowdown, interval 0 total count

** File Read Latency Histogram By Level [default] **
** Level 0 read latency histogram (micros):
Count: 40 Average: 76.0250  StdDev: 232.67
Min: 2  Median: 2.5833  Max: 1145
Percentiles: P50: 2.58 P75: 5.50 P99: 1128.00 P99.9: 1145.00 P99.99: 1145.00
------------------------------------------------------
(       1,       2 ]       13  32.500%  32.500% #######
(       2,       3 ]       12  30.000%  62.500% ######
(       3,       4 ]        2   5.000%  67.500% #
(       4,       6 ]        4  10.000%  77.500% ##
(      15,      22 ]        2   5.000%  82.500% #
(      22,      34 ]        2   5.000%  87.500% #
(      51,      76 ]        1   2.500%  90.000% #
(     250,     380 ]        1   2.500%  92.500% #
(     380,     580 ]        1   2.500%  95.000% #
(     580,     870 ]        1   2.500%  97.500% #
(     870,    1300 ]        1   2.500% 100.000% #


** Compaction Stats [Configuration] **
Level    Files   Size     Score Read(GB)  Rn(GB) Rnp1(GB) Write(GB) Wnew(GB) Moved(GB) W-Amp Rd(MB/s) Wr(MB/s) Comp(sec) Comp(cnt) Avg(sec) KeyIn KeyDrop
----------------------------------------------------------------------------------------------------------------------------------------------------------
  L0      8/0    6.76 KB   0.8      0.0     0.0      0.0       0.0      0.0       0.0   1.0      0.0      0.1         0         1    0.009       0      0
 Sum      8/0    6.76 KB   0.0      0.0     0.0      0.0       0.0      0.0       0.0   1.0      0.0      0.1         0         1    0.009       0      0
 Int      0/0    0.00 KB   0.0      0.0     0.0      0.0       0.0      0.0       0.0   1.0      0.0      0.1         0         1    0.009       0      0
Uptime(secs): 0.1 total, 0.1 interval
Flush(GB): cumulative 0.000, interval 0.000
AddFile(GB): cumulative 0.000, interval 0.000
AddFile(Total Files): cumulative 0, interval 0
AddFile(L0 Files): cumulative 0, interval 0
AddFile(Keys): cumulative 0, interval 0
Cumulative compaction: 0.00 GB write, 0.01 MB/s write, 0.00 GB read, 0.00 MB/s read, 0.0 seconds
Interval compaction: 0.00 GB write, 0.01 MB/s write, 0.00 GB read, 0.00 MB/s read, 0.0 seconds
Stalls(count): 0 level0_slowdown, 0 level0_slowdown_with_compaction, 0 level0_numfiles, 0 level0_numfiles_with_compaction, 0 stop for pending_compaction_bytes, 0 slowdown for pending_compaction_bytes, 0 memtable_compaction, 0 memtable_slowdown, interval 0 total count

** File Read Latency Histogram By Level [Configuration] **
** Level 0 read latency histogram (micros):
Count: 56 Average: 45.7321  StdDev: 113.65
Min: 2  Median: 3.8182  Max: 529
Percentiles: P50: 3.82 P75: 9.20 P99: 524.00 P99.9: 529.00 P99.99: 529.00
------------------------------------------------------
(       1,       2 ]        7  12.500%  12.500% ###
(       2,       3 ]       12  21.429%  33.929% ####
(       3,       4 ]       11  19.643%  53.571% ####
(       4,       6 ]        8  14.286%  67.857% ###
(       6,      10 ]        5   8.929%  76.786% ##
(      10,      15 ]        4   7.143%  83.929% #
(      15,      22 ]        1   1.786%  85.714% 
(      22,      34 ]        1   1.786%  87.500% 
(     170,     250 ]        2   3.571%  91.071% #
(     250,     380 ]        3   5.357%  96.429% #
(     380,     580 ]        2   3.571% 100.000% #


** Compaction Stats [default] **
Level    Files   Size     Score Read(GB)  Rn(GB) Rnp1(GB) Write(GB) Wnew(GB) Moved(GB) W-Amp Rd(MB/s) Wr(MB/s) Comp(sec) Comp(cnt) Avg(sec) KeyIn KeyDrop
----------------------------------------------------------------------------------------------------------------------------------------------------------
  L0      8/0    5.75 KB   0.8      0.0     0.0      0.0       0.0      0.0       0.0   1.0      0.0      0.2         0         1    0.003       0      0
 Sum      8/0    5.75 KB   0.0      0.0     0.0      0.0       0.0      0.0       0.0   1.0      0.0      0.2         0         1    0.003       0      0
 Int      0/0    0.00 KB   0.0      0.0     0.0      0.0       0.0      0.0       0.0   0.0      0.0      0.0         0         0    0.000       0      0
Uptime(secs): 0.1 total, 0.0 interval
Flush(GB): cumulative 0.000, interval 0.000
AddFile(GB): cumulative 0.000, interval 0.000
AddFile(Total Files): cumulative 0, interval 0
AddFile(L0 Files): cumulative 0, interval 0
AddFile(Keys): cumulative 0, interval 0
Cumulative compaction: 0.00 GB write, 0.01 MB/s write, 0.00 GB read, 0.00 MB/s read, 0.0 seconds
Interval compaction: 0.00 GB write, 0.00 MB/s write, 0.00 GB read, 0.00 MB/s read, 0.0 seconds
Stalls(count): 0 level0_slowdown, 0 level0_slowdown_with_compaction, 0 level0_numfiles, 0 level0_numfiles_with_compaction, 0 stop for pending_compaction_bytes, 0 slowdown for pending_compaction_bytes, 0 memtable_compaction, 0 memtable_slowdown, interval 0 total count

** File Read Latency Histogram By Level [default] **
** Level 0 read latency histogram (micros):
Count: 40 Average: 76.0250  StdDev: 232.67
Min: 2  Median: 2.5833  Max: 1145
Percentiles: P50: 2.58 P75: 5.50 P99: 1128.00 P99.9: 1145.00 P99.99: 1145.00
------------------------------------------------------
(       1,       2 ]       13  32.500%  32.500% #######
(       2,       3 ]       12  30.000%  62.500% ######
(       3,       4 ]        2   5.000%  67.500% #
(       4,       6 ]        4  10.000%  77.500% ##
(      15,      22 ]        2   5.000%  82.500% #
(      22,      34 ]        2   5.000%  87.500% #
(      51,      76 ]        1   2.500%  90.000% #
(     250,     380 ]        1   2.500%  92.500% #
(     380,     580 ]        1   2.500%  95.000% #
(     580,     870 ]        1   2.500%  97.500% #
(     870,    1300 ]        1   2.500% 100.000% #


** Compaction Stats [Configuration] **
Level    Files   Size     Score Read(GB)  Rn(GB) Rnp1(GB) Write(GB) Wnew(GB) Moved(GB) W-Amp Rd(MB/s) Wr(MB/s) Comp(sec) Comp(cnt) Avg(sec) KeyIn KeyDrop
----------------------------------------------------------------------------------------------------------------------------------------------------------
  L0      8/0    6.76 KB   0.8      0.0     0.0      0.0       0.0      0.0       0.0   1.0      0.0      0.1         0         1    0.009       0      0
 Sum      8/0    6.76 KB   0.0      0.0     0.0      0.0       0.0      0.0       0.0   1.0      0.0      0.1         0         1    0.009       0      0
 Int      0/0    0.00 KB   0.0      0.0     0.0      0.0       0.0      0.0       0.0   0.0      0.0      0.0         0         0    0.000       0      0
Uptime(secs): 0.1 total, 0.0 interval
Flush(GB): cumulative 0.000, interval 0.000
AddFile(GB): cumulative 0.000, interval 0.000
AddFile(Total Files): cumulative 0, interval 0
AddFile(L0 Files): cumulative 0, interval 0
AddFile(Keys): cumulative 0, interval 0
Cumulative compaction: 0.00 GB write, 0.01 MB/s write, 0.00 GB read, 0.00 MB/s read, 0.0 seconds
Interval compaction: 0.00 GB write, 0.00 MB/s write, 0.00 GB read, 0.00 MB/s read, 0.0 seconds
Stalls(count): 0 level0_slowdown, 0 level0_slowdown_with_compaction, 0 level0_numfiles, 0 level0_numfiles_with_compaction, 0 stop for pending_compaction_bytes, 0 slowdown for pending_compaction_bytes, 0 memtable_compaction, 0 memtable_slowdown, interval 0 total count

** File Read Latency Histogram By Level [Configuration] **
** Level 0 read latency histogram (micros):
Count: 56 Average: 45.7321  StdDev: 113.65
Min: 2  Median: 3.8182  Max: 529
Percentiles: P50: 3.82 P75: 9.20 P99: 524.00 P99.9: 529.00 P99.99: 529.00
------------------------------------------------------
(       1,       2 ]        7  12.500%  12.500% ###
(       2,       3 ]       12  21.429%  33.929% ####
(       3,       4 ]       11  19.643%  53.571% ####
(       4,       6 ]        8  14.286%  67.857% ###
(       6,      10 ]        5   8.929%  76.786% ##
(      10,      15 ]        4   7.143%  83.929% #
(      15,      22 ]        1   1.786%  85.714% 
(      22,      34 ]        1   1.786%  87.500% 
(     170,     250 ]        2   3.571%  91.071% #
(     250,     380 ]        3   5.357%  96.429% #
(     380,     580 ]        2   3.571% 100.000% #

2022/09/15-10:31:33.605777 45e8 [WARN] [db\db_impl.cc:617] STATISTICS:
 rocksdb.block.cache.miss COUNT : 32
rocksdb.block.cache.hit COUNT : 8
rocksdb.block.cache.add COUNT : 32
rocksdb.block.cache.add.failures COUNT : 0
rocksdb.block.cache.index.miss COUNT : 8
rocksdb.block.cache.index.hit COUNT : 8
rocksdb.block.cache.index.add COUNT : 8
rocksdb.block.cache.index.bytes.insert COUNT : 816
rocksdb.block.cache.index.bytes.evict COUNT : 0
rocksdb.block.cache.filter.miss COUNT : 0
rocksdb.block.cache.filter.hit COUNT : 0
rocksdb.block.cache.filter.add COUNT : 0
rocksdb.block.cache.filter.bytes.insert COUNT : 0
rocksdb.block.cache.filter.bytes.evict COUNT : 0
rocksdb.block.cache.data.miss COUNT : 24
rocksdb.block.cache.data.hit COUNT : 0
rocksdb.block.cache.data.add COUNT : 24
rocksdb.block.cache.data.bytes.insert COUNT : 3150
rocksdb.block.cache.bytes.read COUNT : 816
rocksdb.block.cache.bytes.write COUNT : 3966
rocksdb.bloom.filter.useful COUNT : 0
rocksdb.bloom.filter.full.positive COUNT : 0
rocksdb.bloom.filter.full.true.positive COUNT : 0
rocksdb.persistent.cache.hit COUNT : 0
rocksdb.persistent.cache.miss COUNT : 0
rocksdb.sim.block.cache.hit COUNT : 0
rocksdb.sim.block.cache.miss COUNT : 0
rocksdb.memtable.hit COUNT : 0
rocksdb.memtable.miss COUNT : 0
rocksdb.l0.hit COUNT : 0
rocksdb.l1.hit COUNT : 0
rocksdb.l2andup.hit COUNT : 0
rocksdb.compaction.key.drop.new COUNT : 0
rocksdb.compaction.key.drop.obsolete COUNT : 0
rocksdb.compaction.key.drop.range_del COUNT : 0
rocksdb.compaction.key.drop.user COUNT : 0
rocksdb.compaction.range_del.drop.obsolete COUNT : 0
rocksdb.compaction.optimized.del.drop.obsolete COUNT : 0
rocksdb.compaction.cancelled COUNT : 0
rocksdb.number.keys.written COUNT : 0
rocksdb.number.keys.read COUNT : 0
rocksdb.number.keys.updated COUNT : 0
rocksdb.bytes.written COUNT : 0
rocksdb.bytes.read COUNT : 0
rocksdb.number.db.seek COUNT : 2
rocksdb.number.db.next COUNT : 1
rocksdb.number.db.prev COUNT : 0
rocksdb.number.db.seek.found COUNT : 1
rocksdb.number.db.next.found COUNT : 0
rocksdb.number.db.prev.found COUNT : 0
rocksdb.db.iter.bytes.read COUNT : 26
rocksdb.no.file.closes COUNT : 0
rocksdb.no.file.opens COUNT : 16
rocksdb.no.file.errors COUNT : 0
rocksdb.l0.slowdown.micros COUNT : 0
rocksdb.memtable.compaction.micros COUNT : 0
rocksdb.l0.num.files.stall.micros COUNT : 0
rocksdb.stall.micros COUNT : 0
rocksdb.db.mutex.wait.micros COUNT : 0
rocksdb.rate.limit.delay.millis COUNT : 0
rocksdb.num.iterators COUNT : 0
rocksdb.number.multiget.get COUNT : 0
rocksdb.number.multiget.keys.read COUNT : 0
rocksdb.number.multiget.bytes.read COUNT : 0
rocksdb.number.deletes.filtered COUNT : 0
rocksdb.number.merge.failures COUNT : 0
rocksdb.bloom.filter.prefix.checked COUNT : 0
rocksdb.bloom.filter.prefix.useful COUNT : 0
rocksdb.number.reseeks.iteration COUNT : 0
rocksdb.getupdatessince.calls COUNT : 0
rocksdb.block.cachecompressed.miss COUNT : 0
rocksdb.block.cachecompressed.hit COUNT : 0
rocksdb.block.cachecompressed.add COUNT : 0
rocksdb.block.cachecompressed.add.failures COUNT : 0
rocksdb.wal.synced COUNT : 0
rocksdb.wal.bytes COUNT : 0
rocksdb.write.self COUNT : 0
rocksdb.write.other COUNT : 0
rocksdb.write.timeout COUNT : 0
rocksdb.write.wal COUNT : 0
rocksdb.compact.read.bytes COUNT : 0
rocksdb.compact.write.bytes COUNT : 1562
rocksdb.flush.write.bytes COUNT : 0
rocksdb.number.direct.load.table.properties COUNT : 0
rocksdb.number.superversion_acquires COUNT : 2
rocksdb.number.superversion_releases COUNT : 0
rocksdb.number.superversion_cleanups COUNT : 0
rocksdb.number.block.compressed COUNT : 1
rocksdb.number.block.decompressed COUNT : 8
rocksdb.number.block.not_compressed COUNT : 0
rocksdb.merge.operation.time.nanos COUNT : 0
rocksdb.filter.operation.time.nanos COUNT : 0
rocksdb.row.cache.hit COUNT : 0
rocksdb.row.cache.miss COUNT : 0
rocksdb.read.amp.estimate.useful.bytes COUNT : 0
rocksdb.read.amp.total.read.bytes COUNT : 0
rocksdb.number.rate_limiter.drains COUNT : 0
rocksdb.number.iter.skip COUNT : 7
rocksdb.blobdb.num.put COUNT : 0
rocksdb.blobdb.num.write COUNT : 0
rocksdb.blobdb.num.get COUNT : 0
rocksdb.blobdb.num.multiget COUNT : 0
rocksdb.blobdb.num.seek COUNT : 0
rocksdb.blobdb.num.next COUNT : 0
rocksdb.blobdb.num.prev COUNT : 0
rocksdb.blobdb.num.keys.written COUNT : 0
rocksdb.blobdb.num.keys.read COUNT : 0
rocksdb.blobdb.bytes.written COUNT : 0
rocksdb.blobdb.bytes.read COUNT : 0
rocksdb.blobdb.write.inlined COUNT : 0
rocksdb.blobdb.write.inlined.ttl COUNT : 0
rocksdb.blobdb.write.blob COUNT : 0
rocksdb.blobdb.write.blob.ttl COUNT : 0
rocksdb.blobdb.blob.file.bytes.written COUNT : 0
rocksdb.blobdb.blob.file.bytes.read COUNT : 0
rocksdb.blobdb.blob.file.synced COUNT : 0
rocksdb.blobdb.blob.index.expired.count COUNT : 0
rocksdb.blobdb.blob.index.expired.size COUNT : 0
rocksdb.blobdb.blob.index.evicted.count COUNT : 0
rocksdb.blobdb.blob.index.evicted.size COUNT : 0
rocksdb.blobdb.gc.num.files COUNT : 0
rocksdb.blobdb.gc.num.new.files COUNT : 0
rocksdb.blobdb.gc.failures COUNT : 0
rocksdb.blobdb.gc.num.keys.overwritten COUNT : 0
rocksdb.blobdb.gc.num.keys.expired COUNT : 0
rocksdb.blobdb.gc.num.keys.relocated COUNT : 0
rocksdb.blobdb.gc.bytes.overwritten COUNT : 0
rocksdb.blobdb.gc.bytes.expired COUNT : 0
rocksdb.blobdb.gc.bytes.relocated COUNT : 0
rocksdb.blobdb.fifo.num.files.evicted COUNT : 0
rocksdb.blobdb.fifo.num.keys.evicted COUNT : 0
rocksdb.blobdb.fifo.bytes.evicted COUNT : 0
rocksdb.txn.overhead.mutex.prepare COUNT : 0
rocksdb.txn.overhead.mutex.old.commit.map COUNT : 0
rocksdb.txn.overhead.duplicate.key COUNT : 0
rocksdb.txn.overhead.mutex.snapshot COUNT : 0
rocksdb.number.multiget.keys.found COUNT : 0
rocksdb.num.iterator.created COUNT : 2
rocksdb.num.iterator.deleted COUNT : 2
rocksdb.db.get.micros P50 : 0.000000 P95 : 0.000000 P99 : 0.000000 P100 : 0.000000 COUNT : 0 SUM : 0
rocksdb.db.write.micros P50 : 0.000000 P95 : 0.000000 P99 : 0.000000 P100 : 0.000000 COUNT : 0 SUM : 0
